1 6
1 47
1 55
1 63
1 78
1 83
2 36
2 38
2 49
2 63
2 67
2 69
2 74
3 8
3 50
4 36
4 38
4 45
4 51
4 52
4 61
4 62
4 63
5 0
5 52
5 94
6 6
6 7
6 42
6 53
6 55
6 78
6 81
7 4
7 5
7 17
7 36
7 39
7 41
7 73
8 9
8 11
8 18
8 35
8 38
8 63
8 85
8 87
8 93
8 97
9 8
9 14
9 39
9 42
9 43
9 59
9 69
9 80
9 87
10 21
10 25
10 40
10 43
11 7
11 14
11 83
11 85
12 8
12 10
12 38
12 60
12 69
12 93
13 17
13 36
13 38
13 43
13 63
14 83
15 8
15 9
15 38
15 45
16 5
16 8
16 38
16 57
16 62
16 73
17 0
17 7
17 12
17 73
17 86
17 91
18 26
18 42
18 50
18 63
18 71
18 85
18 92
19 0
19 4
19 11
19 14
19 20
19 23
19 26
19 29
19 46
20 13
20 42
20 72
20 95
20 96
21 17
21 38
21 80
21 83
21 84
22 6
22 18
22 19
22 25
22 33
22 48
22 62
22 71
22 75
23 11
23 12
23 21
23 62
23 63
23 71
23 83
23 87
24 11
24 14
24 68
24 81
25 3
25 21
25 62
25 89
26 38
26 40
26 60
26 63
27 0
27 11
27 13
27 74
28 11
28 23
28 39
28 67
28 69
28 79
28 80
28 87
29 5
29 40
29 70
30 7
30 17
30 28
30 32
30 38
30 43
30 52
30 61
31 3
31 47
32 7
32 74
32 85
32 93
33 36
33 72
34 43
34 45
34 69
34 89
34 97
35 3
35 9
35 29
35 78
35 95
36 0
36 17
36 28
36 38
36 65
36 71
36 89
36 93
37 72
38 71
38 87
38 96
39 39
39 80
39 86
40 3
40 12
40 61
40 87
41 3
41 33
41 47
41 74
41 86
42 31
42 69
42 83
43 21
43 33
43 43
43 47
43 48
43 69
43 81
43 83
44 43
44 45
44 48
44 73
44 78
44 83
45 17
45 33
45 36
45 61
46 52
46 74
46 83
47 3
47 36
47 61
47 62
47 63
47 86
48 5
48 35
48 43
48 61
48 77
49 6
49 28
49 48
49 51
49 63
49 85
50 6
50 11
50 14
50 36
50 51
50 52
50 59
50 66
50 81
51 5
51 40
51 57
51 66
51 85
51 89
52 8
52 21
52 40
53 17
53 20
53 33
53 63
53 83
53 90
54 3
54 28
55 8
55 38
56 14
56 35
56 39
56 42
56 63
56 86
56 95
57 5
57 21
57 31
57 41
57 59
57 62
58 26
58 29
58 70
59 3
59 48
59 61
59 69
59 80
60 1
60 11
60 28
60 43
60 82
60 86
61 5
61 35
61 36
62 7
62 14
62 28
62 31
62 36
62 86
62 91
63 45
63 57
63 77
63 81
64 26
64 61
65 86
65 96
66 21
66 63
66 88
67 31
67 69
67 80
67 87
68 12
68 28
68 29
68 67
68 89
68 93
69 8
69 12
69 20
69 43
69 50
69 63
69 72
70 38
70 48
70 62
70 87
70 97
71 23
71 73
72 47
72 92
73 17
73 66
73 81
73 83
74 17
74 28
74 35
74 71
75 21
75 31
75 38
75 81
76 23
76 33
76 62
77 36
77 50
78 35
78 95
79 13
79 66
79 85
80 35
80 38
80 70
80 71
80 74
81 36
81 51
81 59
81 62
81 63
81 87
81 97
82 8
82 21
82 43
82 45
82 69
82 70
82 81
82 87
82 89
82 97
83 13
83 29
83 51
83 57
83 70
83 83
83 85
83 89
83 95
84 23
84 72
85 23
85 28
85 36
85 46
85 69
86 51
86 63
86 68
87 5
87 36
87 44
87 81
87 83
88 3
88 38
88 67
88 81
88 85
88 95
89 36
89 38
89 49
89 69
89 71
89 87
90 21
90 28
90 36
90 66
91 48
91 57
91 84
92 21
92 38
92 40
92 69
92 74
93 8
93 9
93 28
93 38
93 43
93 45
93 48
93 67
93 87
94 36
94 87
94 89
94 91
95 8
95 17
95 27
95 40
95 48
95 74
95 82
95 86
95 93
96 13
96 34
96 35
96 38
96 52
96 63
96 66
96 71
96 89
97 7
97 47
97 52
97 68
97 80
98 21
98 49
98 63
99 12
99 51
99 83
99 85
99 93
100 3
100 8
100 10
100 25
100 28
100 38
100 39
100 62
100 72
100 73
100 81
101 13
101 26
101 36
101 48
101 63
101 69
101 85
102 3
102 12
102 23
102 73
102 76
103 35
103 36
103 41
103 61
104 8
104 17
104 38
104 63
104 69
104 97
105 57
105 85
105 86
105 87
106 51
106 63
107 14
107 35
107 48
107 61
107 69
107 89
107 90
108 38
108 40
108 42
108 69
108 74
109 0
109 93
110 9
110 28
110 60
110 63
110 69
110 78
110 90
111 3
111 11
111 24
111 39
111 48
111 61
111 80
111 95
112 28
112 63
112 72
112 92
113 3
113 80
113 85
113 87
113 95
114 9
114 17
114 49
114 72
115 11
115 47
115 74
115 89
116 8
116 71
116 91
117 9
117 34
117 38
117 42
117 80
118 3
118 12
118 47
118 48
118 55
119 48
119 88
120 11
120 40
120 66
120 78
120 81
120 95
121 5
121 7
121 11
121 67
122 28
122 33
122 38
122 68
123 83
124 38
124 48
124 69
124 85
124 87
124 89
125 0
125 8
125 71
125 72
125 76
126 13
126 17
126 28
126 38
126 40
126 69
126 78
126 85
127 4
127 11
127 29
127 87
127 93
128 11
128 14
128 23
128 48
128 81
128 85
128 95
129 25
129 27
129 38
129 73
129 97
130 33
130 40
130 47
130 55
130 80
130 81
130 92
131 13
131 38
131 46
131 80
132 7
132 8
132 9
132 17
132 26
132 63
132 75
132 98
133 13
133 17
133 25
133 78
133 79
134 10
134 13
134 34
134 35
134 38
135 14
135 36
135 57
135 60
135 68
135 86
135 92
136 17
136 36
136 48
136 83
137 9
137 11
137 29
137 42
138 11
138 38
138 76
138 81
139 43
139 63
140 0
140 17
140 48
140 61
141 16
141 28
141 39
141 63
141 69
141 93
142 7
142 9
142 14
142 22
142 28
142 53
143 14
143 36
144 22
144 27
144 29
144 38
144 89
145 29
145 80
145 84
146 35
146 52
146 85
146 87
146 97
147 48
147 88
147 89
147 93
147 99
148 38
148 51
148 72
148 91
148 99
149 42
149 57
149 81
149 83
149 85
149 87
149 89
149 93
149 99
150 3
150 11
150 12
150 17
150 23
150 38
150 73
150 91
151 36
151 61
152 3
152 5
152 23
152 36
152 40
152 43
152 68
152 71
152 87
152 95
153 14
153 71
153 74
153 76
153 78
153 87
154 25
154 38
154 46
154 90
155 18
155 36
155 68
155 72
156 25
156 27
156 36
156 69
156 72
156 81
156 95
157 7
157 9
157 20
157 23
157 52
157 90
158 18
158 33
158 63
158 78
158 92
158 93
159 38
159 43
159 63
159 87
160 22
160 48
161 8
161 43
161 85
162 38
162 40
162 94
163 8
163 12
163 14
163 36
163 50
163 63
163 66
163 69
163 74
164 67
164 69
165 39
165 48
165 81
166 36
166 83
167 19
167 23
167 36
167 38
167 91
168 0
168 11
168 25
168 38
168 50
168 51
168 55
168 71
168 96
168 97
169 36
169 42
169 69
170 13
170 47
170 62
170 63
171 3
171 4
171 10
171 40
171 53
171 61
171 62
171 63
172 4
172 14
172 25
172 36
172 38
172 43
172 51
173 28
173 33
173 39
173 69
173 81
173 87
173 93
174 26
174 29
174 38
174 69
174 87
175 4
175 28
175 38
175 51
176 48
176 73
176 86
176 93
177 23
177 96
178 12
178 51
178 62
178 86
179 9
179 21
179 23
179 24
179 36
179 38
179 90
179 98
180 17
180 35
180 43
181 3
181 8
181 11
181 20
181 36
181 46
181 48
181 61
181 63
181 80
182 8
182 13
182 28
182 40
183 12
183 13
183 17
183 34
183 38
183 45
183 49
183 63
183 87
184 73
184 87
185 6
185 19
185 25
185 33
185 62
185 75
186 35
186 39
186 61
187 7
187 8
187 66
187 69
187 72
187 85
187 86
187 87
187 95
188 12
188 83
189 38
189 78
189 80
190 28
190 35
190 47
190 48
190 97
191 0
191 5
191 7
191 11
191 29
192 5
192 14
192 29
192 38
192 46
192 80
192 86
192 90
193 36
193 47
193 52
193 78
193 87
194 11
194 43
194 52
194 67
195 5
195 25
195 63
195 69
195 72
196 5
196 17
196 26
196 33
196 51
196 81
196 87
197 8
197 26
197 38
197 59
197 68
197 69
197 72
198 83
198 85
199 36
199 38
199 81
199 99
200 5
200 28
200 38
201 3
201 35
201 38
201 43
201 63
201 73
201 87
202 14
202 28
202 39
202 83
202 95
203 23
204 36
204 69
204 87
205 6
205 34
205 40
205 48
205 69
205 89
205 94
206 7
206 24
206 28
206 43
206 69
206 78
206 93
207 8
207 13
207 28
207 40
208 40
208 72
209 24
209 35
209 69
209 86
209 88
210 45
210 66
211 38
211 92
212 8
212 11
212 13
212 19
212 21
212 28
212 35
212 51
212 61
212 66
212 72
212 73
212 90
213 11
213 12
213 61
213 69
214 9
214 38
214 87
215 8
215 17
215 36
215 63
215 67
215 83
215 85
215 89
216 3
216 29
216 38
216 81
216 87
216 93
217 0
217 5
217 61
217 62
217 63
217 68
217 72
217 73
217 84
217 97
218 14
218 25
218 38
218 49
218 52
218 55
219 63
219 82
220 14
220 43
220 63
220 87
220 95
221 47
221 73
222 38
222 42
222 51
222 87
223 8
223 14
223 17
223 49
223 83
224 38
224 41
224 73
224 76
225 29
225 35
225 81
226 31
226 38
226 39
226 49
226 85
226 93
226 96
227 17
227 19
227 35
227 62
227 87
228 14
228 28
228 43
228 48
228 63
228 86
229 36
229 68
229 80
229 86
229 98
230 0
230 6
230 9
230 12
230 25
230 53
230 80
231 3
231 17
231 35
231 38
231 47
231 80
232 28
233 8
233 39
233 63
233 74
233 75
233 93
234 17
234 36
234 72
234 95
234 97
235 26
235 28
235 39
235 48
235 61
235 63
235 69
235 70
235 73
235 90
236 3
236 8
236 23
236 87
237 3
237 23
237 61
237 62
237 93
238 17
238 43
238 48
238 71
239 48
239 71
239 77
239 97
240 25
240 35
240 70
240 80
240 87
241 9
241 16
241 26
241 38
241 39
241 62
241 78
241 90
242 10
242 28
242 39
242 69
243 13
243 14
243 40
243 68
243 97
244 12
244 36
244 47
244 52
244 69
245 0
245 3
245 7
245 24
245 27
245 33
245 54
245 83
245 85
245 95
246 19
246 28
246 73
247 8
247 16
248 4
248 8
248 9
248 17
248 21
248 63
248 66
249 28
249 39
249 63
249 72
250 7
250 40
250 46
250 67
250 85
250 87
251 9
251 31
251 36
252 36
252 48
252 85
253 4
253 60
253 67
253 85
253 87
254 7
254 8
254 9
254 21
254 63
254 66
254 67
254 69
254 81
254 85
255 8
255 39
255 43
255 48
255 67
255 87
256 17
256 28
256 33
256 48
256 52
257 3
257 23
257 26
257 34
257 69
257 85
257 87
258 26
258 42
258 43
258 81
258 95
259 12
259 28
259 36
259 48
259 52
259 88
260 19
260 47
260 71
260 87
261 29
261 38
261 62
261 63
262 7
262 17
262 42
262 49
262 52
262 63
262 80
262 83
262 87
262 92
263 8
263 23
263 29
263 48
263 72
263 86
264 36
264 39
264 68
264 73
264 85
265 3
265 20
265 21
265 67
265 94
266 3
266 12
266 19
266 23
266 41
266 43
266 72
266 87
266 90
266 93
267 8
267 23
267 28
267 36
267 42
267 45
267 48
267 63
268 17
268 19
268 46
268 51
268 87
269 6
269 36
269 71
270 9
270 63
270 74
271 4
271 17
271 23
271 35
271 89
272 33
272 61
272 86
272 98
273 7
273 15
273 36
273 51
274 9
274 10
274 18
274 25
274 41
274 57
274 87
275 11
275 26
275 36
275 38
275 48
275 51
275 65
276 3
276 6
276 57
276 67
276 83
277 3
277 7
277 19
277 38
277 83
277 95
278 28
278 33
278 38
278 68
279 5
279 14
279 63
279 81
280 21
280 23
280 27
280 33
280 36
280 38
281 59
281 61
281 93
282 3
282 11
282 40
282 72
283 11
283 13
283 28
283 61
284 12
284 70
284 87
285 28
285 31
285 40
285 60
286 63
286 71
286 72
287 8
287 10
287 22
287 29
287 34
287 51
288 28
288 34
288 47
288 51
289 3
289 49
289 71
289 89
289 90
290 40
290 51
291 43
291 50
291 73
291 80
291 93
292 7
292 8
292 24
292 48
292 61
292 68
293 7
293 8
293 11
293 38
293 39
293 85
293 93
294 63
294 67
294 71
294 83
294 95
295 9
295 27
295 51
295 69
295 87
296 41
296 48
296 71
296 81
296 83
297 5
297 69
297 73
298 15
298 18
298 21
298 23
298 33
298 50
298 60
298 66
299 12
299 14
299 36
299 43
299 69
299 83
299 97
300 6
300 69
300 84
301 8
301 29
301 34
301 47
301 48
301 67
301 81
301 86
301 87
302 14
302 19
302 26
302 49
302 73
302 95
303 29
303 69
304 8
304 16
304 67
305 7
305 28
305 48
305 74
305 78
306 27
306 28
306 60
306 85
307 41
307 60
308 23
308 63
308 81
308 83
308 89
309 10
309 26
310 13
310 14
310 36
310 40
310 69
310 72
310 85
310 97
311 35
311 43
311 69
312 17
312 46
312 71
312 85
313 23
313 36
313 40
313 78
314 7
314 48
314 78
314 83
315 3
315 17
315 45
315 69
315 94
316 14
316 43
316 63
316 72
317 63
317 69
317 72
317 83
318 9
318 10
318 19
318 34
318 47
318 63
318 69
318 71
318 79
318 93
319 17
319 33
319 35
319 78
320 6
320 22
320 36
320 74
321 43
321 69
321 89
321 97
322 13
322 19
322 41
322 51
322 62
322 63
322 71
323 42
323 62
323 72
323 81
323 83
323 88
324 27
324 40
324 78
325 28
325 42
325 57
326 9
326 48
326 63
326 69
326 87
326 93
327 5
327 38
327 46
327 71
328 17
328 28
328 36
328 39
328 41
328 86
328 87
328 97
329 0
329 4
329 8
329 11
329 36
329 48
329 69
329 78
330 8
330 22
330 26
330 28
330 29
330 40
330 41
330 70
330 80
331 21
331 26
331 68
331 87
331 94
332 60
332 67
332 69
332 73
332 80
332 86
333 7
333 17
333 23
333 52
333 55
333 59
333 83
333 91
334 8
334 34
334 50
334 71
335 3
335 11
335 31
335 35
335 38
335 83
335 87
336 36
337 7
337 22
337 25
337 36
337 89
338 34
338 40
338 47
338 51
338 69
338 78
338 87
338 97
339 13
339 34
339 35
339 63
339 71
339 89
340 14
340 17
340 21
340 40
340 43
340 48
341 15
341 29
341 36
341 86
342 5
342 40
342 63
342 69
342 72
342 75
343 23
343 28
343 36
343 46
343 69
344 11
344 15
344 17
344 26
344 61
344 69
344 74
344 85
344 86
344 89
345 35
345 65
345 67
346 9
346 21
346 36
346 67
346 85
346 87
347 38
347 47
347 63
347 90
348 12
348 21
348 36
348 69
349 23
349 47
349 51
349 52
349 66
349 71
349 87
350 17
350 38
350 93
351 17
351 38
351 60
351 85
352 48
352 70
352 71
353 8
353 9
353 13
353 24
353 28
353 50
353 63
353 81
354 28
354 50
354 62
355 3
355 29
355 34
355 38
355 81
355 87
355 93
356 24
356 46
356 67
357 14
357 43
357 63
357 95
358 3
358 21
359 14
359 48
359 69
359 81
360 38
361 16
361 28
361 31
361 78
361 83
362 33
362 36
362 47
362 57
362 63
362 74
362 83
363 6
363 14
363 29
363 50
363 77
363 87
363 93
364 8
364 38
364 68
365 7
365 25
365 36
365 61
365 73
365 92
366 61
366 63
366 69
366 71
367 29
367 61
367 63
368 6
368 17
368 74
369 28
369 36
369 49
369 80
369 81
370 38
370 51
371 15
371 25
371 61
371 81
372 39
372 92
373 3
373 63
373 86
374 14
374 38
374 62
374 67
374 78
374 85
375 38
375 52
375 60
375 63
376 8
376 38
376 61
376 70
376 85
377 68
377 89
378 6
378 8
378 39
378 78
378 83
378 95
379 8
379 11
379 12
379 36
379 40
380 4
380 35
380 38
380 40
380 55
380 80
380 89
380 97
381 7
382 13
382 43
382 57
382 61
382 72
382 81
382 86
383 11
383 15
383 17
383 40
383 69
383 72
383 73
383 87
384 14
384 53
384 62
385 7
385 8
385 29
385 67
385 68
385 87
386 53
386 60
386 80
387 3
387 11
387 21
387 24
387 48
387 62
387 80
387 85
388 8
388 17
388 38
388 42
388 78
389 7
389 23
389 26
389 34
389 40
389 61
389 81
389 87
389 89
389 97
390 9
390 28
390 38
390 42
390 47
390 98
391 11
391 36
391 47
391 61
391 71
391 72
391 81
392 24
392 25
392 38
392 73
393 28
393 66
393 80
393 94
394 3
394 25
394 40
394 43
394 47
394 52
395 36
395 54
396 33
396 34
396 40
397 28
397 67
397 72
398 8
398 11
398 28
398 38
398 63
398 71
399 7
399 21
399 25
399 38
399 63
400 8
400 35
400 72
400 78
400 87
400 90
401 12
401 51
401 89
401 95
402 5
402 17
402 25
402 52
402 94
403 18
403 40
403 68
403 83
403 85
404 3
404 49
404 71
404 89
404 90
405 14
405 38
405 45
405 51
405 52
406 0
406 93
407 0
407 14
407 28
407 34
407 38
407 47
407 52
407 87
407 99
408 14
408 17
408 23
408 39
408 49
409 10
409 38
409 50
409 63
410 8
410 39
410 93
411 12
411 38
411 45
411 63
412 66
412 86
412 87
413 25
413 42
413 43
413 73
414 17
414 36
414 62
414 69
414 81
414 97
415 0
415 6
415 26
415 38
416 9
416 28
416 87
417 3
417 26
417 29
417 38
417 39
417 45
417 68
417 76
417 87
418 8
418 9
418 10
418 36
418 42
418 61
418 86
419 6
420 24
420 44
420 47
420 48
420 51
420 63
420 66
421 61
421 69
421 85
421 93
422 8
422 42
422 51
422 72
422 76
423 8
423 26
423 43
423 54
423 62
423 81
423 85
424 11
424 29
424 72
424 77
424 88
425 33
425 38
425 39
425 73
426 14
426 36
426 39
426 63
426 73
426 87
427 33
427 47
427 55
427 80
428 17
428 21
428 23
428 34
428 47
428 87
429 9
429 48
429 61
429 93
430 42
430 63
430 80
430 81
430 83
430 87
431 0
431 14
431 35
431 47
431 67
431 84
432 33
432 38
432 73
432 80
432 81
432 86
432 87
433 39
433 69
433 80
434 28
434 35
434 38
434 71
435 40
435 52
435 70
435 83
436 24
436 25
436 38
436 73
437 3
437 17
437 36
437 45
437 51
437 63
437 81
437 85
437 91
438 86
438 87
438 97
439 3
439 11
439 14
439 38
439 40
439 48
439 62
439 69
439 72
440 4
440 52
440 60
440 63
440 69
441 38
441 39
441 51
441 63
442 7
442 17
442 28
442 32
442 38
442 43
442 52
442 61
443 3
443 60
443 72
444 14
444 18
444 19
444 31
444 80
445 50
445 67
446 5
446 35
446 38
446 61
446 63
446 77
447 26
447 36
447 46
447 54
447 63
447 86
447 95
448 17
448 29
448 35
448 36
448 81
449 48
449 62
449 81
450 3
450 7
450 36
450 61
451 17
451 38
451 93
451 95
451 96
452 57
452 93
452 97
453 45
453 63
453 67
453 85
454 47
454 63
454 80
454 87
454 89
454 99
455 0
455 9
455 23
455 40
455 80
456 26
456 29
456 36
456 55
456 71
456 97
457 97
458 14
458 34
458 35
458 41
458 73
458 87
459 20
459 23
459 38
459 43
459 62
459 69
459 70
460 14
460 43
460 67
460 73
460 83
460 90
460 98
461 8
461 73
461 87
461 93
461 98
462 3
462 36
462 55
462 87
463 9
463 14
463 28
463 29
463 40
463 42
463 74
463 81
464 38
464 69
464 81
464 89
465 41
465 43
465 81
465 85
466 7
466 17
466 42
466 49
466 63
466 83
467 38
467 40
467 86
467 97
468 3
468 35
468 38
468 43
468 63
468 87
469 51
469 53
470 3
470 14
470 93
471 55
471 71
471 87
472 93
473 6
473 9
473 18
473 86
474 17
474 47
474 87
475 3
475 8
475 23
475 87
475 93
475 97
476 34
476 36
476 39
476 59
476 72
476 78
477 6
477 52
477 88
478 11
478 15
478 23
478 46
479 0
479 7
479 23
479 73
480 17
480 28
480 36
481 34
481 38
481 47
481 55
481 80
481 87
482 10
483 21
483 33
483 36
483 38
483 42
483 71
483 87
484 6
484 8
484 38
484 40
484 42
484 78
485 9
485 28
485 31
485 36
485 38
485 43
485 55
485 62
485 94
486 3
486 7
486 24
486 27
486 83
486 85
487 8
487 26
487 29
487 38
487 39
487 48
487 69
487 86
488 10
488 13
488 14
488 45
488 48
488 51
489 10
489 29
489 38
489 69
489 85
489 95
489 97
490 42
490 43
490 50
490 52
490 75
490 83
490 85
490 93
491 11
491 47
491 89
492 89
493 26
493 40
494 38
494 51
494 52
495 11
495 12
495 33
495 38
495 47
495 51
495 86
495 93
496 17
496 34
497 35
497 38
497 44
497 63
497 71
497 87
497 88
498 21
498 63
498 67
498 72
499 7
499 14
499 47
499 71
499 81
499 83
500 8
500 26
500 93
501 11
501 38
501 40
501 63
502 38
502 69
502 71
503 9
503 80
503 99
504 24
504 35
504 69
504 86
504 88
505 29
506 11
506 61
506 67
506 85
507 48
507 53
507 57
507 67
508 3
508 11
508 14
508 21
508 28
508 33
508 34
508 62
508 69
508 71
508 83
508 85
508 86
509 6
509 69
509 80
510 0
510 69
510 78
510 96
511 34
511 38
511 67
511 69
512 38
512 47
512 52
512 78
513 14
513 28
513 36
513 48
513 51
513 87
513 93
514 9
514 23
514 24
514 36
514 38
514 90
515 8
515 17
515 25
515 47
515 67
516 17
516 32
516 70
517 11
517 66
517 74
517 76
517 86
517 87
518 7
518 26
518 40
518 42
518 73
518 93
519 36
519 38
519 51
520 28
520 40
520 70
520 78
521 17
521 47
521 63
521 83
522 61
522 68
522 92
523 11
523 15
523 35
523 41
523 43
523 63
523 69
523 83
523 85
524 31
524 34
524 36
524 70
524 96
525 3
525 15
525 52
525 63
526 43
526 69
526 87
527 35
527 39
527 74
527 83
527 85
527 94
528 61
528 63
529 21
529 35
529 38
529 45
530 28
530 36
530 63
531 39
531 49
531 68
531 70
531 85
531 87
532 8
532 17
532 36
533 61
533 69
533 76
533 80
533 83
533 89
534 6
534 36
534 47
534 51
534 80
535 23
535 63
535 90
536 26
536 38
536 61
537 48
538 19
538 25
538 39
538 48
538 63
538 91
539 8
539 67
540 3
540 14
540 24
540 46
540 81
540 87
541 0
541 11
541 18
541 34
541 38
541 61
541 81
541 86
542 10
542 18
542 25
542 41
542 57
542 87
543 28
543 35
543 48
543 49
543 87
544 9
544 31
544 62
544 69
544 80
544 87
545 9
545 38
545 83
545 87
546 0
546 3
546 19
546 29
546 36
546 48
546 87
547 21
547 46
547 51
547 71
547 73
547 81
548 29
548 36
548 42
548 54
548 87
549 8
549 38
549 67
549 69
549 83
550 5
550 6
550 8
550 73
550 93
551 28
551 36
551 63
551 69
551 80
552 14
552 36
552 38
552 61
552 87
553 11
553 63
553 85
554 21
554 31
554 38
555 33
555 36
555 38
555 96
555 97
555 99
556 0
556 29
556 61
556 63
557 12
557 14
557 38
557 63
557 73
557 78
558 18
558 67
559 8
559 26
559 78
559 93
560 33
560 39
560 40
560 44
560 80
560 81
560 87
561 11
561 38
561 50
561 74
561 90
561 98
562 5
562 22
562 39
562 66
562 83
563 9
563 28
563 47
563 71
563 83
563 87
564 0
564 3
564 17
564 28
564 53
564 86
564 87
565 3
565 48
565 69
565 86
565 87
565 89
566 29
566 67
567 3
567 8
567 36
567 38
567 43
567 63
567 70
567 72
567 83
568 18
568 32
568 33
568 35
568 80
569 38
569 62
569 87
570 9
570 24
570 67
570 80
570 85
571 18
571 29
571 47
571 62
571 69
571 78
571 89
572 63
572 75
572 85
573 51
573 67
573 69
573 74
573 80
573 81
574 0
574 35
574 47
574 70
574 92
575 18
575 51
575 69
575 75
575 87
576 13
576 24
576 25
576 29
576 38
576 61
576 62
576 73
577 28
577 39
577 87
578 62
578 72
578 93
579 62
579 87
579 88
580 20
580 83
580 86
580 87
581 69
581 80
581 86
582 4
582 31
582 40
582 69
583 40
583 48
583 78
583 85
583 97
584 5
584 33
584 38
584 45
584 48
584 67
584 78
584 85
585 0
585 28
585 29
585 36
585 63
585 74
586 15
586 36
586 63
586 68
586 78
587 3
587 11
587 14
587 17
587 28
587 40
587 61
587 74
587 78
588 4
588 9
588 67
589 12
589 14
589 51
589 79
589 85
590 11
590 23
590 87
591 35
591 36
591 83
592 10
592 48
592 69
592 80
592 83
592 93
593 28
593 36
593 38
593 40
594 38
594 53
594 63
594 69
594 95
595 47
595 52
595 63
595 74
595 81
596 23
596 24
596 41
596 55
596 87
597 0
597 8
597 38
597 42
597 73
597 83
598 21
598 38
598 78
599 47
599 67
599 69
599 86
599 97
600 8
600 18
600 23
600 39
600 61
600 68
600 81
600 86
601 21
601 52
601 63
601 87
601 90
602 23
602 39
602 40
602 49
603 36
603 39
603 47
603 53
603 93
604 3
604 8
604 60
604 61
604 67
604 68
604 93
605 4
605 23
605 34
605 38
605 87
606 17
606 21
606 40
606 48
606 95
607 10
607 38
607 43
607 61
607 80
607 86
608 9
608 26
608 63
608 69
608 71
609 11
609 29
609 62
609 63
609 69
609 80
610 11
610 28
610 38
610 43
610 47
610 48
610 91
611 13
611 18
611 69
611 86
612 48
612 55
613 17
613 19
613 36
613 46
613 51
613 62
613 72
613 73
613 87
613 97
614 14
614 35
614 38
614 67
614 86
614 95
615 7
615 50
615 57
615 72
615 92
616 13
616 47
616 63
616 72
616 87
617 3
617 35
617 50
617 86
618 29
618 34
618 35
618 48
618 78
618 86
618 87
619 8
619 35
619 61
619 62
620 14
620 18
620 22
620 26
620 28
620 51
620 85
621 40
621 42
622 7
622 8
622 11
622 38
622 85
623 3
623 10
623 39
623 47
623 80
623 85
623 87
623 95
624 14
624 52
624 62
624 85
625 3
625 12
625 47
625 48
625 55
626 14
626 21
626 66
627 9
627 39
628 15
628 48
628 62
628 63
628 71
628 89
629 3
629 13
629 15
629 51
629 62
629 78
629 93
630 13
630 69
630 87
630 95
631 8
631 22
631 63
631 72
631 73
631 83
632 36
632 39
632 86
632 87
633 11
633 34
633 67
633 71
633 80
634 17
634 38
635 7
635 35
635 48
635 78
635 87
635 97
636 74
637 15
637 17
637 23
637 35
637 36
638 28
638 34
638 38
639 6
639 35
639 61
639 69
639 85
639 87
639 91
640 48
640 63
640 73
640 87
640 89
641 11
641 38
641 57
641 69
642 11
642 12
642 38
642 39
642 47
642 63
642 73
642 80
642 87
642 93
643 4
643 63
643 69
643 78
643 85
644 5
644 7
644 11
644 60
644 69
645 4
645 36
645 45
645 47
645 57
645 67
645 85
645 89
646 36
646 63
646 77
646 85
647 3
647 9
647 48
648 3
648 35
648 87
649 8
649 9
649 17
649 31
649 71
649 74
650 17
650 26
650 51
650 63
650 72
650 87
650 95
651 36
651 38
651 63
651 67
651 74
652 49
652 63
652 76
652 85
652 87
652 89
653 11
653 42
653 48
653 52
653 69
654 8
654 36
654 38
654 39
654 44
654 68
654 92
655 13
655 36
655 38
655 54
655 78
655 83
655 96
656 0
656 17
656 42
656 47
657 49
657 93
658 3
658 8
658 74
659 3
659 36
659 46
659 85
660 7
660 27
660 38
660 62
660 71
660 72
661 3
661 14
661 63
662 17
662 60
662 68
662 85
663 26
663 38
663 63
663 83
664 11
664 50
664 52
664 63
665 11
665 17
665 60
665 83
666 18
666 28
666 43
666 77
667 8
667 17
667 38
667 51
667 83
667 86
668 66
668 81
669 28
669 36
669 61
669 71
669 86
670 5
670 9
670 39
670 43
670 63
670 83
671 9
671 11
671 19
671 63
671 81
672 8
672 23
672 38
672 47
672 49
672 69
672 81
673 43
673 47
673 70
673 80
673 83
673 85
673 87
674 40
674 43
674 60
674 87
675 7
675 17
675 19
675 86
675 87
676 36
676 54
676 87
677 0
677 47
677 57
677 90
678 14
678 49
678 73
678 83
679 69
679 94
680 8
680 12
680 17
680 21
680 63
680 66
681 24
681 38
681 67
681 89
682 21
682 43
682 47
682 67
682 78
682 80
683 25
683 29
683 34
683 69
683 87
683 93
684 8
684 49
684 69
684 81
685 0
685 27
685 48
685 57
685 80
685 94
686 21
686 28
686 53
686 83
687 55
687 67
687 73
687 94
688 40
688 86
689 12
689 36
689 41
689 67
690 15
690 43
691 3
691 9
691 29
691 31
691 61
691 69
691 74
691 86
692 17
692 20
692 38
692 41
692 66
692 68
692 85
692 87
693 9
693 21
693 29
693 38
693 40
693 51
693 53
693 67
693 69
693 93
694 11
694 38
694 40
694 51
695 6
695 68
696 9
696 36
696 62
696 80
696 81
697 12
697 48
697 63
697 66
697 70
698 36
698 43
698 87
699 8
699 36
699 39
699 41
699 43
699 61
699 76
699 79
700 3
700 9
700 48
700 51
700 72
700 88
701 3
701 17
701 45
701 69
701 94
702 36
702 48
702 69
702 86
702 89
703 3
703 7
703 11
703 24
703 38
703 43
703 87
704 9
704 36
704 48
704 69
704 86
705 16
705 34
705 52
706 15
706 17
706 18
706 21
706 23
706 33
706 42
706 50
706 60
706 66
706 87
707 8
707 10
707 16
707 33
707 36
707 61
707 71
707 90
708 8
708 35
708 50
708 53
708 87
709 21
709 44
709 51
709 55
709 87
709 93
710 19
710 39
710 48
710 91
711 7
711 22
711 25
711 36
711 89
712 21
712 34
712 45
712 50
712 63
712 88
713 29
713 60
713 67
713 80
714 80
715 15
715 21
715 23
715 33
715 50
715 60
715 66
716 52
717 0
717 42
717 48
717 62
717 66
717 71
718 18
718 27
719 26
719 29
719 38
719 86
720 13
720 29
720 51
720 57
720 70
720 83
720 89
720 95
721 4
721 8
721 15
721 23
721 26
721 50
721 55
721 98
722 26
722 48
722 69
723 0
723 8
723 10
723 53
723 63
723 72
723 73
723 88
723 90
724 5
724 29
724 38
724 86
725 3
725 9
725 29
726 9
726 20
726 22
726 38
726 40
726 66
726 71
726 81
726 86
726 93
727 23
727 36
727 40
727 78
728 36
728 48
728 66
729 11
729 38
729 89
730 9
730 11
730 33
730 35
730 40
730 42
730 52
730 54
730 59
730 66
730 68
730 69
730 78
730 85
731 29
731 38
731 39
731 45
731 87
731 94
732 36
732 47
732 51
732 53
732 94
733 14
733 95
734 21
734 43
734 47
734 67
734 78
734 80
735 3
735 25
735 87
736 8
736 63
736 78
736 80
737 29
737 40
737 52
737 60
738 29
738 38
739 11
739 20
739 39
739 71
739 80
740 17
740 50
740 76
740 80
741 80
741 86
742 3
742 5
742 35
742 68
742 78
742 87
743 10
743 11
743 23
743 26
743 31
743 43
743 55
743 78
744 9
744 38
744 51
744 60
744 92
745 10
745 11
745 26
745 50
746 0
746 46
746 68
746 80
746 87
747 6
747 8
747 38
747 40
747 42
747 78
748 47
748 81
749 11
749 13
749 63
749 71
749 72
749 74
750 62
750 63
750 78
750 81
750 87
751 3
751 63
751 71
751 87
752 5
752 39
752 46
752 63
752 68
752 92
753 11
753 38
753 52
753 63
753 66
754 0
754 73
754 86
755 16
755 48
755 61
755 63
755 85
755 87
755 89
756 5
756 7
756 25
756 26
756 28
756 38
756 49
756 85
756 86
757 17
757 25
757 32
757 38
757 69
758 14
758 25
758 93
758 97
759 10
759 14
759 47
759 86
759 95
760 5
760 39
760 55
760 87
761 5
761 36
761 43
761 50
761 73
761 80
761 87
761 93
762 9
762 38
762 87
763 35
763 63
763 87
764 8
764 38
764 68
765 3
765 33
765 39
765 53
765 71
766 17
766 38
766 41
767 3
767 6
767 9
767 23
767 31
767 48
767 68
767 69
767 78
767 87
768 11
768 28
768 38
768 44
768 45
768 52
768 66
768 67
768 73
768 87
769 17
769 31
769 52
769 86
770 3
770 36
770 39
770 69
770 70
770 73
770 87
771 35
771 36
771 38
771 63
771 85
772 9
772 19
772 63
772 69
772 74
772 86
772 90
772 92
773 5
773 7
773 25
773 36
773 41
773 43
773 68
773 83
774 28
774 31
774 38
774 47
774 53
774 63
774 87
774 97
775 5
775 9
775 17
775 36
775 38
775 67
775 69
776 38
776 71
776 75
776 83
777 36
777 80
778 85
778 96
779 5
779 22
779 39
779 66
779 83
780 17
780 41
780 74
780 86
781 8
781 38
781 48
781 52
781 66
781 70
781 87
782 11
782 51
782 52
782 63
782 67
783 18
783 19
783 63
783 72
783 78
783 87
784 24
784 53
784 63
784 78
785 3
785 8
785 38
785 60
785 63
785 78
786 7
786 38
786 47
786 69
786 85
787 16
787 32
787 34
788 16
788 18
788 29
788 38
788 42
789 3
789 14
789 47
789 48
789 72
789 85
790 12
790 17
790 63
790 66
791 28
791 33
791 40
791 57
791 78
792 24
792 38
792 52
792 66
792 67
792 86
792 90
793 8
793 19
793 62
794 11
794 29
794 72
794 77
794 88
795 10
795 31
795 48
796 19
796 43
796 47
796 63
796 73
796 87
797 3
797 25
797 40
797 43
797 45
797 47
797 52
797 57
797 77
798 33
798 48
798 87
799 5
799 39
799 43
799 63
799 83
800 12
800 40
801 17
801 38
801 43
801 87
801 89
801 90
802 38
802 50
802 69
802 81
802 86
803 3
803 23
803 31
803 40
803 69
803 87
804 98
805 7
805 38
806 0
806 35
806 39
806 61
806 62
807 36
807 63
807 74
807 80
807 87
808 29
808 63
808 81
809 8
809 39
809 48
809 57
809 85
810 28
810 31
810 38
810 69
810 87
810 99
811 5
811 20
811 38
811 62
811 67
811 85
811 95
812 66
812 78
813 14
813 17
813 40
813 51
813 90
814 21
814 38
814 63
814 81
815 6
815 38
815 46
815 62
815 63
816 0
816 3
816 6
816 35
816 36
816 40
816 99
817 17
817 61
817 74
817 85
817 86
817 89
818 21
818 38
818 71
819 3
819 13
819 26
819 39
819 47
819 49
819 63
819 85
819 87
819 91
819 95
820 17
820 43
820 53
820 69
820 85
821 7
821 26
821 39
821 51
821 60
822 0
822 11
823 3
823 28
823 48
823 55
823 63
823 67
823 70
823 92
823 95
824 38
824 57
824 63
825 17
825 18
825 36
825 70
825 81
826 21
826 35
826 38
826 45
827 4
827 26
827 29
827 38
827 86
827 90
828 3
828 12
828 73
828 76
829 11
829 36
829 38
829 61
829 63
830 14
830 34
830 63
830 73
830 87
831 28
831 38
831 48
832 10
832 38
832 43
832 61
832 67
832 80
832 86
832 87
833 17
833 21
833 33
833 35
833 40
833 67
834 22
834 39
834 67
834 89
834 91
835 5
835 9
836 38
836 39
837 0
837 3
837 14
837 23
837 32
837 41
837 48
837 73
837 88
838 4
838 31
838 69
839 6
839 38
839 87
840 43
840 62
840 63
840 74
841 9
841 29
841 36
841 52
841 72
841 78
842 35
842 50
843 7
843 38
843 47
843 52
843 68
843 80
843 96
844 8
844 11
844 40
844 47
844 57
844 72
845 48
845 63
845 85
846 36
846 69
847 3
847 29
847 48
847 56
847 78
847 79
847 89
848 7
848 17
848 37
848 45
848 48
848 67
848 74
849 8
849 39
849 43
849 48
849 50
849 87
849 93
850 15
850 33
850 69
850 72
850 81
850 90
851 34
851 59
851 84
851 89
852 15
852 17
852 23
852 35
852 36
853 28
853 34
853 47
853 51
853 72
854 28
854 36
854 48
854 51
854 87
855 3
855 7
855 9
855 24
855 38
855 47
855 62
856 14
856 19
856 29
856 48
856 68
856 70
857 24
857 36
857 38
857 62
857 96
858 62
859 5
859 7
859 48
859 53
859 61
859 66
859 93
860 69
860 70
860 72
860 83
860 87
860 89
861 14
861 17
861 23
861 51
861 72
862 19
862 33
862 34
862 49
862 69
862 88
863 55
863 70
863 76
864 25
864 31
864 47
864 48
864 69
864 89
865 7
865 15
865 35
865 46
865 50
865 62
865 67
865 85
866 19
866 40
866 41
866 80
866 86
867 36
867 48
867 69
867 86
867 89
868 14
868 36
868 42
868 86
868 87
869 0
869 11
869 72
870 47
871 33
871 87
872 12
872 17
872 63
872 67
873 3
873 11
873 66
873 72
873 78
874 26
874 35
874 36
874 38
874 47
874 48
874 51
874 74
874 87
875 51
875 63
875 83
875 91
876 29
876 61
876 81
876 92
876 97
877 7
877 8
877 36
877 63
877 90
878 3
878 7
878 12
878 38
878 39
878 51
878 53
878 60
878 67
878 69
879 8
879 15
879 29
879 36
879 43
879 48
879 69
879 71
879 78
879 85
879 87
880 3
880 8
880 43
880 48
880 63
881 8
881 25
881 40
881 48
881 87
882 14
882 71
882 74
882 76
882 78
882 87
883 12
883 48
883 63
883 66
883 70
884 4
884 60
884 63
884 67
884 85
884 87
885 8
885 29
885 47
885 83
885 87
885 91
886 28
886 86
886 97
887 3
887 36
887 51
887 60
887 83
888 9
888 28
888 63
888 93
889 7
889 28
889 38
889 62
889 69
890 3
890 9
890 29
890 61
890 63
890 80
890 81
890 92
891 0
891 9
891 40
891 80
892 0
892 29
892 43
892 63
893 21
893 33
893 35
893 40
894 26
894 63
894 67
894 87
894 89
895 38
895 69
895 71
895 89
896 54
896 60
896 69
896 94
897 40
897 68
897 87
898 10
898 35
898 36
898 87
898 91
899 3
899 23
899 38
899 63
900 69
900 72
900 79
900 85
901 25
901 38
901 49
902 3
902 5
902 36
902 40
902 68
902 71
902 95
903 3
903 9
903 17
903 38
903 63
903 74
903 81
904 9
904 26
904 38
904 42
904 61
904 63
904 69
905 39
905 62
906 21
906 71
907 0
907 10
907 26
907 39
908 28
908 59
909 0
909 3
909 17
909 38
909 69
909 72
909 85
910 15
910 38
910 43
910 62
911 8
911 35
911 72
911 78
911 99
912 8
912 23
912 38
912 75
912 87
912 92
913 10
913 33
913 34
913 63
913 96
914 38
914 61
914 62
914 69
914 87
915 21
915 80
915 87
916 36
916 38
916 70
916 87
917 10
917 26
917 38
917 39
917 42
917 48
917 87
918 26
918 38
918 63
918 83
919 21
919 60
919 71
920 21
920 25
920 48
921 4
921 10
921 17
921 35
921 40
921 52
921 61
921 63
922 42
922 63
922 74
922 85
922 87
922 99
923 36
923 62
923 66
923 69
923 81
924 3
924 8
924 20
924 48
924 61
924 80
925 29
925 33
925 38
925 69
925 80
925 85
925 95
926 14
926 17
926 36
926 47
926 50
926 52
926 59
926 85
927 17
927 40
927 86
928 9
928 14
928 28
928 29
928 40
928 42
928 74
928 81
929 9
929 10
929 18
929 25
929 41
929 57
929 87
930 25
930 50
930 55
930 97
931 34
931 47
931 61
931 62
931 87
932 62
932 63
933 87
934 8
934 16
934 70
934 73
934 86
935 11
935 16
935 36
935 38
935 81
935 86
936 8
936 18
936 29
936 34
936 43
936 73
937 23
937 25
937 26
937 48
937 81
937 89
938 10
938 14
938 60
938 62
938 68
938 71
938 74
938 85
938 86
938 87
938 93
938 98
939 14
939 28
939 38
939 51
939 63
939 81
940 80
940 81
941 3
941 20
941 36
941 38
941 45
941 52
941 55
941 69
941 87
942 4
942 5
942 14
942 36
942 43
942 47
942 49
942 63
942 67
942 78
942 85
942 94
943 40
943 49
943 87
943 93
943 97
944 3
944 36
944 55
944 57
944 61
944 62
944 63
944 90
945 9
945 51
945 69
945 87
946 3
946 9
946 17
946 25
946 55
946 63
946 69
946 78
946 87
946 95
947 5
948 39
948 48
948 81
949 8
949 39
949 41
949 60
949 73
949 78
949 80
949 81
950 3
950 49
950 52
950 61
951 23
951 38
951 69
951 81
952 6
952 9
952 23
952 57
952 63
952 69
953 34
953 38
953 62
954 11
954 63
954 69
954 76
954 80
954 81
955 36
955 38
955 69
956 0
956 11
956 76
956 86
957 39
957 53
957 68
957 81
958 8
958 11
958 29
958 36
958 38
958 46
958 51
958 63
959 38
959 78
959 87
960 3
960 13
960 15
960 28
960 51
960 73
960 93
961 8
961 28
961 69
961 81
961 95
962 36
962 50
963 8
963 35
963 63
963 71
964 17
964 66
964 81
964 83
965 8
965 29
965 73
966 45
966 85
967 25
967 53
967 63
967 69
967 95
968 4
968 33
968 34
968 52
968 76
969 3
969 28
969 45
969 69
969 85
969 95
970 8
971 8
971 21
971 40
971 48
971 98
972 48
972 88
972 89
972 93
972 99
973 8
973 11
973 36
973 46
973 63
974 3
974 17
974 35
974 45
974 47
974 63
974 69
974 94
975 22
975 23
975 47
975 68
976 28
976 33
976 38
976 69
976 87
976 95
977 5
977 6
977 11
977 28
977 63
977 67
977 80
977 83
978 8
978 14
978 17
979 9
979 19
979 36
979 38
979 73
979 81
980 13
980 34
980 48
980 51
980 69
980 81
980 84
980 89
981 9
981 86
981 89
981 95
981 99
982 13
982 17
982 27
982 74
983 3
983 21
983 43
983 48
983 73
983 86
983 87
983 89
984 34
984 43
984 85
985 4
985 35
985 52
985 60
985 63
985 69
985 81
986 10
986 17
986 71
986 87
986 89
987 0
987 11
987 16
987 18
987 28
987 38
987 43
987 73
987 97
988 40
988 63
988 76
988 93
989 11
989 51
989 62
989 68
989 83
989 85
989 87
990 25
990 33
990 75
991 3
991 7
991 11
991 14
991 23
991 47
991 63
991 73
991 83
991 85
992 3
992 14
992 46
992 67
992 77
993 9
993 30
993 35
993 52
993 63
993 81
993 93
994 11
994 25
994 36
994 72
994 73
994 78
994 89
995 29
995 33
995 55
996 46
996 48
996 63
996 66
996 69
997 17
997 43
997 69
997 76
997 81
997 85
998 47
998 69
999 0
999 42
999 48
999 62
999 66
999 71
1000 18
1000 51
1000 69
1000 75
1000 87